SAMPLE:A
PARAMS:11.0,0.036442105062106545,0.3914958110014817,0.2980641767022044,0.6312524876017135,0.6478392061911841,0.6077005249136349,0.0,-0.07492681479686547,0.0056605246772990425,0.22337456523002386,0.3919770846755465,0.36239701656197676,0.19742932878749941,0.002611676243754024,0.057069967537939026,0.11318390127892564,0.6714209580936501,0.19449787424434195,0.6158134120313846,-0.4217336403397445,-0.5966335766630622,0.2813925489827427,-0.9390462758205569,0.3561414940716059,0.1960461972972709,-0.9740576969367398,0.4806372579892382,-0.19307812962526016,0.5786448669597761,0.6109514600132608,0.6905867108909124,0.0,0.0
TAGS:boom
---
SAMPLE:A
PARAMS:3.0,0.7210451190975585,0.6270619566416995,0.005264252449745488,0.02136771642508495,0.10153123025695066,0.5501572547953266,0.0,-0.46041954651329464,0.0009090512121920851,0.4657333313683304,0.9725659894552241,0.39765290626424354,0.01637531746757248,-0.2224427095863799,0.9745748085626634,0.43440907729144007,0.42438144476411943,0.04554443562695676,0.0,0.3683754970116411,-0.5212382402874749,0.49067072081448615,0.18779351902546138,0.4749870843042173,0.5158357044008471,0.7868517775920316,0.9002883274858482,-0.24453231764811445,0.6346507288879089,0.8852789859733692,0.6555490940455495,7.0,0.0
TAGS:hit
---
SAMPLE:A
PARAMS:3.0,0.7096708301751785,0.8445079991620442,0.3538009646648783,0.04572689245325434,0.4492433412041583,0.5302891260646478,0.0,0.0005235864671191609,-0.01474135047228706,0.5324477133954,0.07785129683869718,-0.009380409480642449,0.6929500687641763,0.8804211815805267,0.7433181748301735,0.821413450669721,0.35098713465277664,0.03725829410716308,0.0,-0.45702503317469234,-0.5981800734269842,0.4636824681294802,-0.9163920117845639,0.1904650664419827,0.6441558527294464,-0.8709134160996963,0.151930983080502,-0.9239497697758026,0.1984134239610369,0.04360094637916356,0.013089270189120317,9.0,0.0
TAGS:shot
---
SAMPLE:A
PARAMS:5.0,0.36680692971456763,0.5429021272739302,0.5765047940466237,0.49933095924310245,0.8352718880111644,0.2693773676749218,0.0,0.0009576500894404134,2.268660282358931e-06,0.751979149427831,0.5049420383206435,-0.37480353514189013,0.9957552721270521,-0.6015634614968275,0.252960582436513,0.04132444889795084,0.02485306104194518,-0.4900804965938499,0.5183422146324552,0.10930612563655062,0.7816909311946918,0.8174902766454089,0.8350770683153601,0.3334751538206684,0.8786252986457052,-0.8345694070627536,0.7053531689756786,-0.4892060854919962,0.6180290353717545,0.09271357286185455,0.013637948601891159,11.0,0.0
TAGS:burn
---
SAMPLE:A
PARAMS:8.0,0.841145950645658,0.5350587783197052,0.32657807363600544,0.5876614651638216,0.6439698906041559,0.15761962351587505,0.0,0.0574919021629162,-0.01765531869058692,0.13193703567297677,0.487135017436371,0.7263461589628664,0.9990810238881007,-0.16051170811917936,0.6869145483485952,0.6780980799204728,0.6966732105441314,0.731384458774903,0.0,0.06469423416741127,0.41552340179681946,0.15191660324073797,-0.7775013600477416,0.014588529362683955,0.5889343481433269,-0.8282639430465428,0.35996484182350486,-0.28786093334571916,0.8326019250608865,0.6968313788880365,0.10079369752002565,0.0,0.0
TAGS:err
---
SAMPLE:A
PARAMS:3.0,0.21936934568999877,0.5790041369849911,0.17707411872137024,0.8124327153409192,0.8154420079491181,0.24253785579605686,0.0,0.25091803265111234,0.9250336115259581,0.662923429354575,0.8602512452574808,0.27322615174928067,0.5754363509812322,0.42119239706766876,0.27862894651650993,0.49539354075155684,0.5522245326540466,-0.45244593436609426,0.4478540075745784,0.84903253348528,0.8549636696903267,0.6387204694614591,-0.9580740767733644,0.12272687952087935,0.11769790802112501,0.15370460268693487,0.49454766699178143,0.5882522573326521,0.12893242553098605,0.34549666449833405,0.30726231657698366,5.0,0.0
TAGS:hit shot
---
SAMPLE:A
PARAMS:9.0,0.23249791724788083,0.19431336927612675,0.7507553530085003,0.5034336318516044,0.6967596849022435,0.5022305192299701,0.0,0.996719535715799,-0.28551077955877835,0.6470276572606116,0.1438309814990899,0.9753463855301048,0.04313218947223796,0.7857378156870292,0.5875435378329225,0.6549040283635498,0.6437590523389597,-0.8291090096808722,0.0,-0.6718546427278198,0.2629401336762729,0.3659058091810814,-0.6583434582215584,0.9596873773169832,0.9623429269699891,-0.5570744013214468,0.9486340357652896,-0.3133238131643987,0.05015046171165827,0.04573277090553307,0.7183683398255915,4.0,0.0
TAGS:shot
---
SAMPLE:A
PARAMS:8.0,0.09172111905414049,0.8773216154118941,0.949412131266541,0.3947050602220503,0.6507675255648362,0.004910405612910138,0.0,-0.09072660860672772,-0.30325954624601437,0.9276423346503087,0.6841909912624089,0.238086949152561,0.09318367151321838,-0.8185208201651404,0.3879859669650684,0.25003414062704743,0.584697671182017,0.9451725208094548,0.8519304413013742,-0.6997337499681084,-0.9622084270651754,0.6633687658504256,-0.39148188042113863,0.5663799945213001,0.9808597285600236,-0.8807596080508471,0.9977499573683569,0.7677523259585268,0.9486247524923597,0.6117522595831479,0.4497748067805949,5.0,0.0
TAGS:nul
---
SAMPLE:A
PARAMS:9.0,0.504097033923669,0.16781591773182247,0.8429371710100746,0.11634080045280304,0.19246369070993807,0.5058623429526098,0.0,-1.3128504305007635e-06,0.001425666135489596,0.5572229497010301,0.7030022036171756,0.3271142832209797,0.8506707264677511,0.4043786627046284,0.08209044547286404,0.9272638406955814,0.14805533862279874,-0.7344654793425587,0.0,-0.06277982985645503,0.505667777372143,0.10634470822149855,-0.6918770303114272,0.5551030819277285,0.5917920004748893,-0.3927245322255124,0.31996467948964447,0.3820748914156016,0.4813948936865411,0.14313442703344825,0.2816680721409235,2.0,0.0
TAGS:boom hit
---
SAMPLE:A
PARAMS:1.0,0.9032812801942066,0.6760066364550018,0.7951554058145313,0.3739352126959107,0.7433258213749577,0.30757201059027217,0.0,-3.9785299279532195e-06,0.22793104913380344,0.41671867233919824,0.3097881029869076,-0.580516361988678,0.3624324912579352,-0.40544427926937665,0.6534699073962917,0.8866666960977427,0.5723251289117741,-0.8971802494031125,0.05043327646702478,0.9914805439770564,-0.0552578709824989,0.24167011375744385,-0.6530418225504917,0.827404904166649,0.6717003257804878,0.6547608317626687,0.8223867521144569,-0.06998730332746672,0.9456728580080291,0.11071164145165946,0.3490416765179052,10.0,0.0
TAGS:death boom
---
SAMPLE:A
PARAMS:2.0,0.7979254062206339,0.6537736391898915,0.40662850424506114,0.42594266091866206,0.6033868689942288,0.5726205783305487,0.0,-0.36973296260679694,-0.07473835033582579,0.9565240517548331,0.435185184008395,0.3817435691009545,0.1480184430948841,-0.4338742955627828,0.6984869792989205,0.6108121819661922,0.992638688451149,-0.9585008675362505,0.09535485965397494,-0.31415916230435426,-0.6757531843515603,0.18163692078487859,0.26286446750480197,0.04500188424387941,0.6930739376977876,0.371814243490431,0.7560806461353797,-0.8073315552839337,0.6097204731150623,0.7869878071638939,0.6192285481931402,1.0,0.0
TAGS:hops
---
SAMPLE:A
PARAMS:7.0,0.6222138797566182,0.332865366190747,0.6011949826285231,0.8899617815422588,0.5394908691751575,0.30899152958956594,0.0,0.8084010502671368,0.07094775994193553,0.3437581484362253,0.2466999062874342,0.8296601278371061,0.07304917764925212,-0.7462890334463521,0.9732053900207449,0.4223013525584264,0.3374899291840239,0.37641611755154236,0.7671904767895458,-0.8476657079529755,0.040217945117672294,0.7581830085972752,-0.5217095138374237,0.37539210617610597,0.9027890738072426,-0.7786498620768683,0.8723973180476354,0.6773835601148559,0.21746791244968577,0.9624031766244352,0.982167427380074,10.0,0.0
TAGS:hit thud
---
SAMPLE:A
PARAMS:2.0,0.830703021536746,0.8031999137943553,0.8450676126167218,0.7054378328413684,0.2711072836915803,0.5071997714776795,0.0,0.6119778961258241,-0.20599213780548994,0.8864081451322814,0.5185298275223531,0.5361452409034209,0.3104410617568383,-0.42854153309057885,0.5642479973855526,0.08578323140195787,0.5933090120093116,0.030362090892543714,0.0,-0.738145784099161,-0.36423544488159676,0.2073252804083665,0.2858489930437311,0.651593488538154,0.4579606496745027,-0.4414425440280181,0.3577506598607777,-0.13047308112166767,0.10686632132383667,0.5983384367461276,0.3607669706058614,9.0,0.0
TAGS:click
---
SAMPLE:A
PARAMS:5.0,0.2818636613669335,0.17753018756266148,0.6020450124831885,0.8944505465948873,0.9642682493627229,0.1350995468075196,0.0,-0.0007366749313726888,0.0026735546786979115,0.843923565062395,0.2039889659126306,0.32647181884254994,0.670301002389204,0.9100037045910607,0.8681585108626019,0.5771899336062161,0.9990913368026666,-0.7962210319764922,0.0,0.9985490569636968,-0.9078786881052063,0.40091001789590497,0.11562222016105039,0.30890159416416063,0.08072262961705323,0.8658927877161475,0.39310686187505384,-0.42039235537825737,0.10119828200046155,0.030862102158501603,0.21223904625914658,2.0,0.0
TAGS:fly
---
SAMPLE:A
PARAMS:5.0,0.45670393273990395,0.35496895067411394,0.08957166268754246,0.2241489357025629,0.7956038925878096,0.6295425291197212,0.0,0.00010995674362642044,0.09238935836766655,0.9620966268602354,0.19432052575772019,0.9558263075373785,0.7974584982001229,-0.433137123366228,0.7042961673966773,0.8979858129887155,0.830868386665166,0.05731960981899786,0.25813009346841964,0.13640726617346255,-0.779532997052834,0.9890253400992883,-0.36973791464581307,0.1623654779249446,0.615332003120819,-0.344659553567346,0.5797162833385093,0.7338549217100341,0.3900862047636593,0.5447939310219047,0.09981182602976257,3.0,0.0
TAGS:fly
---
SAMPLE:A
PARAMS:0.0,0.8477164624867838,0.06327962075045723,0.2659575831118961,0.7797033901581364,0.47446549640696367,0.5030924246409711,0.0,0.5208632900966439,-0.004611452270667837,0.6127075126151817,0.8785075620996676,0.3167263174862851,0.3926916794042655,-0.5885925246449399,0.9256151475747149,0.9546729080370674,0.4310434685164033,0.6595684263168158,0.9069051817822187,-0.6145557208261221,-0.08293994596106757,0.26139285182816174,-0.9225183684688358,0.003344973570043819,0.7160889484764458,-0.06970149153262262,0.9823993209361284,-0.7286833262723171,0.621464276454359,0.08991473161752772,0.11423807186024992,5.0,0.0
TAGS:spring jump
---
SAMPLE:A
PARAMS:2.0,0.9359648036710497,0.2995339027602857,0.5802913015937393,0.9744506904984165,0.38982850988936113,0.10692581341314028,0.0,-1.4841004817426972e-05,0.0005020108007112701,0.0433946441548303,0.9774527651052201,0.49938527310367964,0.37728026306788254,-0.3443007523474704,0.6954478999929932,0.5850408964392012,0.9456308588035873,0.07062184060686505,0.5986509049234997,-0.2545219295549328,-0.4567973320769818,0.7882144750665571,0.8383366059762125,0.522556649321795,0.3425440672605147,0.7554393931942562,0.09994080051303988,-0.9588902476878463,0.2598771242543295,0.5974792204544362,0.6197434626886785,3.0,0.0
TAGS:fly hops
---
SAMPLE:A
PARAMS:0.0,0.06344247331517394,0.09421832540344444,0.7570683109540134,0.8890443126478693,0.4545195388876089,0.7240731725044629,0.0,-0.0006587122188971373,0.5793310591123885,0.7657446467031981,0.3272942562709976,-0.9105138207624939,0.7099706657959923,-0.8276134367679011,0.1880491630688027,0.29619138545311974,0.16463129732513415,-0.6907960544508613,0.6202941616337098,0.23605309243888617,0.35047638144456505,0.026425185785857286,0.1471763797177148,0.29570181543044616,0.11323724190434181,-0.8046183469813954,0.940069954686955,-0.18473478133861354,0.8992933315058901,0.5831808317376048,0.004592061324479979,3.0,0.0
TAGS:hops spinup
---
SAMPLE:A
PARAMS:6.0,0.37159193711327254,0.7761478362542257,0.7443356640871596,0.23745744845449102,0.8396024126501281,0.11077673452876428,0.0,5.796470754752216e-07,0.00011972847407358066,0.03209738997973832,0.13451247933205734,0.697313665777128,0.24191929287275016,-0.3299303170432084,0.4796830264317784,0.7036966451344978,0.5324169930576221,0.5426829955824322,0.046389553806578054,-0.4911193313888724,0.36355767926923277,0.2728539272526702,-0.7331708467770832,0.3270691527152896,0.9724782049866517,0.3940359572286949,0.9911783892824403,-0.8577220292259378,0.6247734635805416,0.7603373096576821,0.48937127189212726,4.0,0.0
TAGS:err boom death
---
SAMPLE:A
PARAMS:7.0,0.19578716306599475,0.4700718766097247,0.7816958532725696,0.31764023171411737,0.6497476257964534,0.5585829957431785,0.0,-6.93268783081903e-05,-0.045170995770694757,0.8679654734108986,0.8334015488337254,0.29582209178299723,0.5299028022387217,0.708264466270565,0.47882419862611114,0.2392467791064008,0.008809842113393196,0.583924986714043,0.0,0.4903633028179608,0.8422891323177304,0.5451459617365015,0.0250941344387956,0.1899219317105918,0.46670894863991397,-0.4186948636849446,0.2274407846604929,0.6076376260603544,0.9546397395519763,0.7474888355496832,0.1315273098301052,4.0,0.0
TAGS:laser fly
---
SAMPLE:A
PARAMS:9.0,0.6635774289791929,0.5672337791911481,0.7723305187731577,0.8313574566966409,0.38087307242963264,0.5003009848780844,0.0,-0.3658443252526733,0.8431538719229192,0.9822065514142909,0.06376010733783133,0.29994358665190113,0.6452093816277175,0.6320626668732698,0.34026907249184324,0.07987860792388535,0.00942292847640458,0.5084404327167014,0.37551140584089937,0.07238916976585918,-0.3113673607515546,0.37781455976820577,-0.6822664748162297,0.5010212143928134,0.43602188353908644,-0.2761271341321998,0.3281715162721591,0.9504137976126561,0.9229333943483191,0.8710174524728486,0.8078552348576183,3.0,0.0
TAGS:boom sharp
---
SAMPLE:A
PARAMS:8.0,0.31300758442159327,0.3274506156043143,0.36773278827428135,0.9588750577423382,0.8294819141056634,0.5241037591321938,0.0,-0.058041983567611324,-0.0621372793966544,0.862971271013905,0.9336882400605891,-0.5841461423820753,0.7367437804536999,0.8053232319577848,0.15541543863811402,0.06396967987272939,0.3145949438203548,0.8675627509931862,0.9141753542920016,0.40463957802695205,0.24741121827343582,0.2690363821405348,-0.4580843295114012,0.8184279293186488,0.6387861052345849,-0.6851369360790664,0.8443110122516105,0.605786058403927,0.8242683504330879,0.10176621048769785,0.462056269359863,2.0,0.0
TAGS:boom thud
---
SAMPLE:A
PARAMS:4.0,0.8083823585441896,0.6501531319521663,0.7642851697825794,0.6050966222197292,0.04161037863308592,0.13219003301233165,0.0,0.2283751434021593,0.39244545795501085,0.8508271072694714,0.3728105185937214,-0.7130787677222767,0.4659399896735754,0.24586655811447544,0.5050445850920905,0.6030904521957184,0.9465282134027304,-0.9937751116823019,0.0,-0.5414686876484844,0.19802643632781058,0.04187492439755358,-0.13122645729550575,0.14644943227290663,0.5839348050141313,0.21785484732351024,0.11001525441948456,0.5379906878869491,0.26922247589567627,0.4370747629775199,0.5978293513512193,10.0,0.0
TAGS:popup
---
SAMPLE:A
PARAMS:11.0,0.34545515930193427,0.3375870035789821,0.644937347988483,0.23807774393915648,0.45903814693866385,0.5145770470528737,0.0,-0.005012223289148235,-0.5887387856564379,0.01135025443633142,0.7818686874820047,-0.25913376748624484,0.8282497782944517,-0.5960711926961528,0.03439764452715821,0.016186977956686888,0.5274864331529996,-0.3535349547244031,0.9665392356689035,-0.42285982907757735,-0.01845064169226296,0.6892442406030818,0.5345606285357016,0.32431451873922057,0.3555138861580506,0.06120545669417021,0.3586162474239418,0.5962860273233495,0.2816090271876086,0.9667069525079443,0.22706901528487777,0.0,0.0
TAGS:fly hops
---
SAMPLE:A
PARAMS:10.0,0.681551025892036,0.05000473349000789,0.8017432416350017,0.13062984311704928,0.5104943034161615,0.5591570434978363,0.0,0.2132130797243289,-0.018100367942050485,0.6866421162251751,0.593758725276179,-0.6869234817323233,0.993428540366237,0.9810112881116348,0.8567016134927279,0.9172706456883557,0.8857109460146647,-0.3257260460208917,0.7527176054784671,0.9694633346005079,-0.9014866324008064,0.6113120723820756,-0.9044678627888065,0.8005273503824217,0.5260336501120256,0.34189270350926515,0.18357704443271883,-0.2901732873192886,0.3902202824779434,0.9489295454207551,0.11871704857760723,7.0,0.0
TAGS:laser hit
---
SAMPLE:A
PARAMS:6.0,0.28188250073919885,0.5897950755389902,0.4528403285074065,0.8268284637207423,0.7730849570389244,0.5008276492732333,0.0,-0.007994363182210074,0.4009405800727423,0.20489589391191132,0.5217933206368169,0.5621275776651189,0.25468126488174037,-0.34105978928050695,0.9601354631946858,0.8102332173946214,0.6071263125833607,0.6129411888050762,0.6929877455139877,0.9450640681923004,0.3247995659488696,0.6605150053726871,0.5440277101407414,0.3127206386279977,0.15454270809070403,-0.8513825264877197,0.6102695603093407,-0.788850657756353,0.7522424930826765,0.7564854958304551,0.9270541535500291,8.0,0.0
TAGS:wave beam
---
SAMPLE:A
PARAMS:7.0,0.9495244372498767,0.9958889668705144,0.9129765082684552,0.5284721460179802,0.5464779269246478,0.08285909059144948,0.0,0.0002023503678719186,-0.17611734229705328,0.6715434729617633,0.8669410542895276,0.47190218568292996,0.06857351462119421,0.2653520955054818,0.2930639258459622,0.45438218168617417,0.5403076627142152,0.793882112752957,0.0,0.12537685795556675,0.99111634562205,0.10793731421406505,-0.6351957277717053,0.8764954546916905,0.45833338587916683,0.9797546655468274,0.874728162653509,-0.9023376630567075,0.897405408818174,0.15688272963012084,0.5880099176126142,9.0,0.0
TAGS:explode
---
SAMPLE:A
PARAMS:8.0,0.5202108842621801,0.27842584908581314,0.7902833648709368,0.3434313432986541,0.8705167316736422,0.5001017067370982,0.0,-0.02741603257436411,0.09110124437595,0.8645955859444845,0.26602442971381357,-0.11298574815371287,0.8249646341747894,0.5111553331332974,0.8869030015758005,0.7883186928429602,0.9887782699816413,-0.09389556761637863,0.0,-0.4079966487094526,-0.42565804023859233,0.901525190978283,-0.1341136509086156,0.24131540471476332,0.8637659108020714,-0.15667102256089382,0.9591211664171454,-0.4848408455086868,0.0961777106335664,0.9706152980633912,0.724099172395235,3.0,0.0
TAGS:silly
---
SAMPLE:A
PARAMS:1.0,0.9876933473528751,0.716088008592651,0.33188066121919724,0.2292925757150306,0.619971502043842,0.5766304059481333,0.0,1.5568237069860274e-09,0.0010669859977874327,0.27393386895281424,0.9245686505197181,-0.2652140154052036,0.9557784631934524,-0.06241071537420284,0.07002990045290636,0.47193763252863863,0.33982892080930815,-0.32806137221312914,0.8079566955914306,-0.2802604932451047,-0.4946646749357335,0.5307351363073696,0.8166484414200839,0.20540656392718915,0.16198572988164361,0.5703841039086956,0.9291901838274903,-0.9159710358844295,0.4743319342161476,0.5464344180820929,0.2916152830216151,9.0,0.0
TAGS:flyby flame
---
SAMPLE:A
PARAMS:0.0,0.5734834031279114,0.45984274713023554,0.23066803458057505,0.6746134272569656,0.11547668163637415,0.1378187268742136,0.0,0.04717584133251067,0.009708021444449013,0.09002812854722597,0.11152912304293594,-0.878230646814905,0.1989687253497412,-0.5955907441348443,0.9916637536254871,0.7303926375186442,0.13024917885793874,-0.7818595194841775,0.0,0.25468139889813424,-0.08874612196332765,0.08566160262801448,0.8017287090953338,0.518444828018324,0.2906180324758746,0.9836317433010515,0.2125382812046206,0.9539498295094491,0.4473694668710424,0.11859657169291349,0.8893252524233602,3.0,0.0
TAGS:frog
---
SAMPLE:A
PARAMS:1.0,0.3149319103980408,0.7374037386731562,0.16748868250675775,0.4600125868441707,0.5638150544359994,0.5050079533475845,0.0,-0.00032825912141907593,0.256954241270015,0.19128017103412442,0.14857069077349216,-0.4394196019487149,0.5410487064600991,0.28629704311297477,0.024128085415898948,0.9743385629862933,0.022615622443463934,0.1332502277951071,0.9667083759078711,0.636722671075953,-0.9542936338818349,0.775123065066786,-0.5605905193045668,0.08690000203717607,0.18677875459714255,-0.0831577926925855,0.4486806321037733,0.535586839219151,0.8631697291084265,0.03199397864061182,0.6346911738089303,9.0,0.0
TAGS:silly
---
SAMPLE:A
PARAMS:1.0,0.3576037653736027,0.768042465932061,0.9279397783387036,0.19489221465263928,0.7816288248305617,0.03173731045219167,0.0,-0.09226679035630558,0.036141955224445896,0.9274989040272569,0.9994594943236502,0.6520159648147514,0.8817108760227126,-0.10083951217729092,0.8172489466066092,0.3081911570790653,0.9483609166288942,-0.27137242998764344,0.0,0.09899017699861701,0.49851409343570907,0.8322011293245448,-0.9300489389710782,0.5448748010220218,0.8217108739457746,0.6827587229722982,0.16393199513774248,0.36761938082051304,0.8181780855122789,0.9590185159206699,0.7952084430183539,1.0,0.0
TAGS:thud laser throw
---
SAMPLE:A
PARAMS:8.0,0.8039074069163296,0.7684947939641402,0.0035423306697320855,0.939190712639667,0.5395259313252674,0.5000044143284924,0.0,0.007197770229474407,0.3756915057144827,0.4280750235005304,0.33449769578237365,-0.9061195683131587,0.4646209950192377,-0.7304445951204579,0.1469217001803883,0.06290341540050393,0.8443222988215353,0.11621978712119141,0.6549417525925363,0.2959259019328855,-0.27356914252321785,0.9681720007095906,-0.10455429924608306,0.7440488692365905,0.4875617171933144,0.0687294685457771,0.9177596064900025,0.6937502675613927,0.10724902987926643,0.8836985986802975,0.8303882488822217,2.0,0.0
TAGS:click
---
SAMPLE:A
PARAMS:1.0,0.20604936389963968,0.7916888396373525,0.49799455728917097,0.42779908604303696,0.1396406701283709,0.22092005244904223,0.0,0.21404915728826704,-0.17675847339906073,0.155162792183957,0.3661506399440373,-0.01604633960912971,0.9790814772737536,-0.4453565502362926,0.022102024580051505,0.772384185206934,0.3810017410949146,-0.24550162240851092,0.0,-0.43926326251518244,0.8208606044768154,0.6215825879561269,-0.06501552734840077,0.7882490231240991,0.13525590539644194,-0.7232591961509673,0.29705302583438664,0.261507314182603,0.6939293145989957,0.6523645449336845,0.2671675360539276,0.0,0.0
TAGS:fly insect
---
SAMPLE:A
PARAMS:10.0,0.5132802652693335,0.89513244246673,0.30508939019470627,0.48127205630535275,0.9381557687094767,0.3498169733422582,0.0,-0.7063878585153507,-0.0058849675637708725,0.9628461355266458,0.06730890078864649,-0.029495713053820483,0.2958262631855574,-0.05237399382251806,0.057866096184253535,0.5040882411268621,0.0999059834719066,0.8369872119786395,0.0,-0.13636697272636744,0.4079679034091124,0.8581346172073914,0.5322664789476126,0.037621508180285756,0.25654399244027426,0.6253601890413123,0.8679494280847648,-0.24492738008502046,0.39044784310192215,0.23699638814857082,0.7369190944315607,1.0,0.0
TAGS:transmission
---
SAMPLE:A
PARAMS:10.0,0.12373468182538239,0.7562868538740339,0.7811011904986511,0.448132299264442,0.05545753411038501,0.5006127018902898,0.0,-0.11911035402072537,-0.08428831665679094,0.5949598793678537,0.6154068841238449,-0.8014534004529359,0.9634609765460475,0.6029136683061733,0.6457145630190558,0.32097559412435217,0.1305375975246047,-0.05024326559239878,0.6748791156471637,0.9018248930070167,0.3799084256633978,0.5146633289386033,-0.45664736994257815,0.9123242870866175,0.4884044090930315,-0.4594436727167066,0.33422173752488504,-0.7694336112868667,0.05764647102372955,0.16333560804331237,0.07273341182546456,3.0,0.0
TAGS:laser beam shot
---
SAMPLE:B
PARAMS:6.0,0.3185180256923932,0.9983280005392036,0.23787920781522265,0.1840196670216453,0.9181434890578681,0.15517102750917705,0.0,0.7337111523323847,-8.813673972087724e-05,0.31957302428586876,0.2077860792909907,-0.08717168892596239,0.5991020909818451,-0.5058965652469338,0.8797774732447144,0.8421946832608378,0.8956781446775753,-0.35475491784149527,0.0,0.8728691844360967,0.07874275080032445,0.049969388632164824,0.47203672114560713,0.7620552113993712,0.23933225403104963,-0.5303100098364799,0.842699283621356,0.03734986399165319,0.4547693541637159,0.574438870695896,0.07504759939950245,9.0,0.0
TAGS:click err
---
SAMPLE:A
PARAMS:6.0,0.9507657640712547,0.007029772093874231,0.2700912837102517,0.3107214905873904,0.3314392184175743,0.500490665221191,0.0,-0.0007334353316225645,0.07418637872667291,0.06850843775419302,0.43739567900619636,-0.4341689634767467,0.5206886877793597,0.4467089525175785,0.3243213233424894,0.1415376121409717,0.997487908592348,0.034002932245204676,0.4159838476992458,0.03224744201000873,0.7964503535269465,0.2679725689726309,-0.42581851379882596,0.30300915386276794,0.3128924393879494,0.05264955063640242,0.9530035700236846,0.9436391750533863,0.5236870215251487,0.0513520215290697,0.3280834869656696,11.0,0.0
TAGS:knock
---
SAMPLE:A
PARAMS:1.0,0.34578950524599894,0.6426959372670141,0.47168609338292533,0.39917747841584106,0.5566441888616946,0.44203228126051797,0.0,-2.4185987254134553e-05,-0.031227172715459727,0.9663062524798081,0.5220225013196578,0.7456623656912302,0.09660799703446221,0.704677729297905,0.06706080835776429,0.007132955300378496,0.06932980502502784,0.8557744365360491,0.2004433964079151,0.6857169604967703,0.4298597342583157,0.10935142666760544,-0.6991237573342257,0.8442313723503767,0.5778979759631985,-0.17958035733386435,0.56872009170478,-0.21782374693824158,0.23291581671994022,0.2277915308430022,0.8440456795554995,11.0,0.0
TAGS:laser short shot
---
SAMPLE:A
PARAMS:2.0,0.955027047513191,0.138208176149889,0.776834131866197,0.84611327567161,0.8852507794644544,0.510228295717448,0.0,0.5625120970848165,0.021707929570386204,0.46357503337931416,0.8021071809522101,-0.7918784852512968,0.25983069370770073,0.28652591027081775,0.08362551485607661,0.043988048310429684,0.2069822679991028,-0.9289781979297331,0.06685175896684581,-0.19190169469716944,0.7665721498572786,0.07508169581880986,-0.9832702302390104,0.1058131197209512,0.655548789188735,0.7123742160206059,0.08740904789448134,-0.24666033136028953,0.5332511816752034,0.5963570628266089,0.6598624181813447,1.0,0.0
TAGS:click shot
---
SAMPLE:A
PARAMS:10.0,0.5101551869385518,0.575616729845472,0.5243144542396279,0.1964646208736256,0.19642103871682814,0.0862869062353664,0.0,0.085194580494994,-0.10145697712965882,0.04123813431813106,0.09970627151307487,-0.2855234841316132,0.5826958339401153,-0.8667491290395279,0.8315466282233369,0.32031940992110264,0.3792485532819957,-0.8835340572230019,0.9115261648512469,0.48809265149031256,-0.5991571738841106,0.4696739131435801,-0.18448705613698513,0.4948882764016762,0.763525307378844,0.8993791364141113,0.558439872254082,-0.07645331776504771,0.7991571580823233,0.3036282586940634,0.9699000595634931,11.0,0.0
TAGS:fat beam shot
---
SAMPLE:A
PARAMS:4.0,0.5576262353547711,0.2524803146717063,0.5767935386818811,0.43725033767920995,0.5715484166653501,0.8247868030533662,0.0,-0.25139292597100205,-0.5531200757514343,0.22867273660371457,0.825532591310579,0.8624256038939722,0.3468201574357631,0.616901465514371,0.1509151934789592,0.2641955825680513,0.6408610014418447,-0.6181310927430039,0.24944620613390034,-0.6217410117617679,0.04016143587574872,0.6906809920480276,-0.5586629560662584,0.6295457448307323,0.8845456379859248,0.7888667321978893,0.6544553177449334,-0.6888014786248051,0.9672706695990536,0.7437098209954845,0.6650244439806438,3.0,0.0
TAGS:death echo
---
SAMPLE:A
PARAMS:8.0,0.46545322823617363,0.5340811241328667,0.9534879592470847,0.994983127508191,0.8834991202846922,0.5011470429743184,0.0,6.730702151087409e-06,-0.07786532469915787,0.4068270557118481,0.8318939248421691,0.09011411725409313,0.7920626112673648,0.07381959048966391,0.15550359218573562,0.23977763848556544,0.08790046148400732,0.46880340550000343,0.0,0.004014495092770298,0.03903770861739875,0.26255490653232894,0.11783025486955934,0.4472513513671761,0.6532935279262813,0.7410773189572313,0.11535325126119311,0.731554182668045,0.4360903777450842,0.8147568478444215,0.9628966750772132,9.0,0.0
TAGS:laser fly
---
SAMPLE:A
PARAMS:10.0,0.7480294777106619,0.9892911564193158,0.4594056016592537,0.6166841020877976,0.14290599216589017,0.33807972910203227,0.0,0.019305376956760167,-0.23956068324057203,0.4167513585232354,0.595617362177807,0.3409093706573294,0.9754219189364293,0.37020621687386757,0.9362118081164331,0.8651182731392458,0.16993852665844267,0.6750176735124107,0.6828072241785024,-0.4830288937113487,0.9295279630422637,0.19192752292353132,0.7210074186919395,0.23991074148879854,0.9688345314993453,-0.3919230731749763,0.26832494941263585,-0.4537233594643031,0.04440920846408103,0.4250069272118445,0.27839029494502565,0.0,0.0
TAGS:err noise sharp
---
SAMPLE:A
PARAMS:2.0,0.42966783822347854,0.10583479790249861,0.4605833681241739,0.6679050749397006,0.00894924482738435,0.8598397109264181,0.0,0.7262090458273726,-0.09973169214253115,0.23434707848145098,0.7728122626208035,0.31282848824076814,0.9670640804703955,-0.34971453685874243,0.2031413486725323,0.3273268458675369,0.7728760924581733,0.6808614206975712,0.0,-0.14710686017664298,0.19498337152262546,0.040809807739396575,0.5468600495060911,0.9687633817759456,0.6177054551273298,0.43410978107220366,0.17014499537225114,0.31326306110303204,0.9565516677225359,0.8317235454412518,0.07761285670760432,5.0,0.0
TAGS:insect click
---
SAMPLE:A
PARAMS:0.0,0.16188395096592922,0.6431998385331884,0.7372131337104147,0.428036687920873,0.04062152510491224,0.2670939008471682,0.0,0.00045037820269399796,0.007344407618872046,0.3140019438531666,0.26123101810837535,0.6599265645284806,0.29205693669541943,0.13513105629125133,0.10953702738943527,0.12376618830817698,0.0034211513895944234,0.18742649920984134,0.5060934629764401,0.0438873124292809,-0.7317813821552768,0.9748588196142544,0.17135108801275,0.72479977649833,0.0655116685172259,-0.6891726284176871,0.38186280008777207,-0.9222473131294222,0.7799424627027293,0.8005907351534647,0.5597105668873579,9.0,0.0
TAGS:fly insect long
---
SAMPLE:A
PARAMS:0.0,0.3446682355938462,0.6322777096673801,0.07257119498118392,0.6816172068283363,0.8373920958525324,0.5040092984823112,0.0,0.0049356670138559,0.00012856035009109894,0.6761972291866266,0.2782724554131808,0.028139915654535663,0.3212035500019914,-0.49538452089203755,0.12725713454398502,0.12660748805103206,0.8280712803716952,0.6592460007756828,0.8586882854424415,-0.8050446156177968,0.21328213287818776,0.821251637423863,0.03358531506281914,0.28122059477353334,0.9444638550227175,0.3846229461587487,0.27309941012735783,0.3232928233267538,0.27628359673823777,0.47016445469728985,0.35135124039051246,6.0,0.0
TAGS:fly thruster
---
SAMPLE:A
PARAMS:8.0,0.7914750975930466,0.7651603666414852,0.23239660356905623,0.6471552892384631,0.6068593084929718,0.556300693431099,0.0,0.04025368914090053,0.009910950606418807,0.6678744756842168,0.8933946214727616,0.7704593843752789,0.20172775169370571,-0.392488865096309,0.3141533071061443,0.1850251326874064,0.6280296434622507,0.8331674420277284,0.02902538961702905,-0.45290141362321545,-0.9585523910642979,0.6620192762866933,0.7061548340837207,0.3471051316960829,0.623728662308714,-0.7358530763903988,0.7555511347773668,-0.8002631575847057,0.7678963235631006,0.42992743011670664,0.03967270806825285,10.0,0.0
TAGS:laser long
---
SAMPLE:A
PARAMS:5.0,0.7510845057282022,0.8984587657137416,0.9078280831444818,0.8573830869751345,0.19537676605837595,0.5000089343646165,0.0,-5.2021153807186966e-05,0.25713750856810264,0.9176888780052652,0.4360940285136,-0.5952623784841249,0.22481998221697896,-0.13967712545535904,0.614651341702745,0.5754824457130671,0.14429177511876645,-0.683759188809606,0.8905684035193021,0.03934383498959604,-0.8528127339095983,0.1036735526994168,-0.0484146070260858,0.7835880447053416,0.4902316331376829,0.7496722118286714,0.5314516561073384,-0.6165273247386056,0.5544869633243174,0.34200447973587034,0.32691906507440716,8.0,0.0
TAGS:boom quake
---
SAMPLE:A
PARAMS:6.0,0.5270507649493782,0.7508009051666618,0.2151160114546402,0.8092701117445756,0.702097529635558,0.524035908436933,0.0,5.5340300249065995e-05,-0.02627592583624639,0.18493831696544027,0.5419382453875429,0.30884253779105575,0.13034245371258224,-0.8974352688271325,0.4460697317859581,0.10130776842249312,0.9049186749518277,0.05530166444896811,0.0,0.9146724341494255,-0.6151552331018717,0.5329078796776053,-0.810897164138457,0.7418184180833894,0.6537375012537601,0.3889523254442544,0.8370297263164991,-0.5768539389155147,0.5500089987733251,0.13634614178020754,0.9850542141496913,6.0,0.0
TAGS:silly
---
SAMPLE:A
PARAMS:10.0,0.9299649977696937,0.9892515804066973,0.9339902473573474,0.11566529479246757,0.5133438626507723,0.5201806729449644,0.0,0.22209475180632582,-0.5805305079856741,0.2491463536845563,0.6561215455964401,0.9923832578379737,0.7646630590774728,-0.5581853788982967,0.3146680186552514,0.7585568832099826,0.6906199091582391,0.41611893567334945,0.0,-0.03340836680275294,0.38324996626913754,0.9083135102875534,0.19130593612882651,0.6245011836705006,0.12245166125822571,0.8894242503806264,0.8197640782706128,0.5366713739885065,0.9520336149090598,0.7970823904570782,0.19317218782528245,1.0,0.0
TAGS:click nul
---
SAMPLE:A
PARAMS:8.0,0.5081047945631952,0.3560903344908085,0.7638089897414689,0.40390431710318964,0.5962473169437208,0.5284667955002776,0.0,-1.7352183367277934e-05,-0.5437089223120679,0.5744308545656399,0.814444354275424,-0.9563040263910516,0.24499254773367096,0.4165719383860349,0.2227324407371003,0.741872706590101,0.05157897948634438,-0.019095477053013843,0.0,-0.12129252948968938,-0.6487004423954079,0.5470687359151162,-0.8736802611977728,0.9694614533091177,0.30687560207655284,0.7980254689316464,0.9198502641118741,-0.19411647122051434,0.23405913719627203,0.24577369741826627,0.6342150251681299,11.0,0.0
TAGS:click nul
---
SAMPLE:A
PARAMS:7.0,0.46221359620025937,0.34742781524415733,0.9391294920503371,0.7244179145988454,0.5657547542119916,0.5006411354847673,0.0,0.48012881822338527,0.08031701323024092,0.3169419305792577,0.08797756818401525,0.22958514855177325,0.8997864325083339,0.3342482751478635,0.17029229834060866,0.7172085247842828,0.3752987199087431,0.2513650331643711,0.8831124267943734,0.20204469439318307,-0.4300069464892242,0.8555583819267457,-0.11708585871279298,0.9952115459552857,0.6493203977300077,0.29680984348252104,0.9769477771452116,-0.6665127706213643,0.3771194048880441,0.9462096389540924,0.041488549217765014,3.0,0.0
TAGS:launch laser
---
SAMPLE:A
PARAMS:8.0,0.04755911883221309,0.28942102270765746,0.18394209631520597,0.4525915646214944,0.7191028955703738,0.5073510480294984,0.0,-0.5106983904753833,-0.5563661533627182,0.26965996550344684,0.3243449985971101,-0.011320768939953707,0.1342588694385196,-0.6857234880145451,0.5059651259747348,0.3920094496659853,0.23227542009567448,0.30113176697326915,0.0,0.5213229871264149,-0.8850072099753228,0.29856455433374607,-0.23752790412228908,0.1434405882615668,0.6643404189198346,-0.9025327183265945,0.31041995084322327,0.632876141831642,0.337493284264617,0.557616473520791,0.399275846349712,9.0,0.0
TAGS:thud click
---
SAMPLE:A
PARAMS:5.0,0.22860780760743926,0.03502778979666521,0.3984213968767941,0.28208326183371457,0.8589500404083943,0.4489227412667069,0.0,0.015128617956818538,-0.8728335462425637,0.19072588854284844,0.45971047219017647,0.5802721764189469,0.41719129328132454,-0.9930858467750678,0.4645076236928728,0.9609308517726203,0.5352630591835771,-0.9734049299754413,0.0,0.18992913414004042,-0.3704403357827508,0.2198003153998792,-0.3013840924998761,0.9972639862338433,0.015809240738790087,-0.6187882485033094,0.6552849524135657,0.12956077554148315,0.3320893672239593,0.11160255616566406,0.8346815219651297,5.0,0.0
TAGS:click
---
SAMPLE:A
PARAMS:9.0,0.5557423410260123,0.9263921243778603,0.0999681930103481,0.08343389339024643,7.884201733743268e-05,0.734158255333458,0.0,-7.048510061954553e-05,-0.8804156349506399,0.20456042914883,0.670591330367896,0.2581132579251524,0.9619227401266949,-0.5926363293193533,0.2844985793904551,0.5639306537120422,0.17895457738248277,0.7013379233110701,0.0,0.5603600837317011,0.06497367923364128,0.2636301829557953,0.09717606505691867,0.7878333921908363,0.8637745554851542,-0.1702868382260352,0.6058786174961159,-0.8702448931039881,0.2814068157304265,0.510064997706438,0.3488618211461123,5.0,0.0
TAGS:nul
---
SAMPLE:A
PARAMS:11.0,0.13478598053255364,0.47204709134361345,0.2961934623455357,0.11474852566286242,0.6178657126600928,0.11904198768318691,0.0,5.465561021000664e-05,-0.8064961352049903,0.4938083610441394,0.0704581243441581,-0.4582081685671533,0.5957676967346492,0.7074429804727522,0.9992982626073588,0.4709232543931281,0.959321847735714,-0.9283050497636951,0.0,0.6202959795318395,-0.26482945087052423,0.5732007852649498,0.034679070240218435,0.10197281937284497,0.7984146633621932,-0.3960076235201928,0.3191738895446339,0.3913569414264906,0.295953588918797,0.02151263657739355,0.29543232010825193,3.0,0.0
TAGS:nul
---
SAMPLE:A
PARAMS:9.0,0.256555496261186,0.8165486961768373,0.5471806162951477,0.7790657833015773,0.8480983696829384,0.5210774396946957,0.0,-4.291012463531734e-06,-0.011101130783933167,0.006937445711838297,0.4080159634396786,0.1313613789796404,0.32670376384524424,0.5891201253577483,0.2099694197550377,0.9413485657917383,0.7162354355248362,-0.040355367132524744,0.4478755327182835,0.4882829424016959,0.3009137441390688,0.35939070391531114,-0.09727477307058985,0.5637071186337409,0.5110305414529013,-0.3304511400194994,0.1607936737985025,-0.9369215771537549,0.42984847904170853,0.9662865392346857,0.8982810234878691,11.0,0.0
TAGS:wave beam fall
---
SAMPLE:A
PARAMS:8.0,0.14799751929890392,0.003733602137737102,0.3245988762259465,0.9387274248024802,0.7177753143507493,0.5033456030697382,0.0,0.02174681489775652,-0.02611929184623453,0.728569137769975,0.26159535069638906,0.3095384395054861,0.4068784240304947,0.11130144910009099,0.5964011451393599,0.47596825006367627,0.7238689237684881,0.9113014296932391,0.0,0.9055884954585922,-0.8452842012601751,0.6213796911308589,-0.2352694132074482,0.2669250907519901,0.11693993021187177,0.35367270354170466,0.04369144618716014,-0.8748776910344094,0.05846543585608088,0.5100607914637234,0.7015492376572423,6.0,0.0
TAGS:fly silly
---
SAMPLE:A
PARAMS:8.0,0.0638373810251488,0.9748755389215014,0.8038243653543257,0.8096298216364551,0.945546190093634,0.3346509253473333,0.0,2.9136929023954547e-06,0.04117510894401507,0.1609192606720733,0.6582222610439376,-0.8937275728653671,0.035625794129865995,-0.551490859151474,0.6724870669074345,0.2463573292410557,0.6988338672635401,0.5360036791797427,0.0,-0.22527676672070052,-0.5439043176104079,0.9345341368813188,-0.4385819216922209,0.06762706356493497,0.43726635982431694,0.9423371316502158,0.33890134700202046,-0.28258620292293135,0.16279297959705452,0.5160540281912506,0.3412324059844989,7.0,0.0
TAGS:fat laser
---
SAMPLE:A
PARAMS:10.0,0.9055662721769219,0.9980616211332205,0.7631678481055666,0.21221627716756486,0.09713544544389219,0.12789296395726524,0.0,-0.6693426413176403,-0.38025210210998245,0.6194291489521048,0.19357809403929904,-0.19334767192116642,0.9183743422444867,-0.7030061547136044,0.7096292900364072,0.20343290067650832,0.5445586937473793,0.9370487610864069,0.01610829864502794,0.3763897576599562,0.4726009769931907,0.36399808916907606,-0.007348874885893419,0.11954735739047129,0.730445162360363,0.8374683921776995,0.14493154612404702,0.5233476918669295,0.8345593171881338,0.013806118035264547,0.9798851330650192,6.0,0.0
TAGS:transmission laser
---
SAMPLE:A
PARAMS:10.0,0.9757674349456789,0.7315321461778073,0.6121775730703446,0.5037201066258455,0.43333058311910977,0.5569755282359273,0.0,-0.0014744786065568687,0.06736784953546436,0.44146235943481715,0.027952334131211565,0.01160473616224289,0.36515243597533864,0.3923378957788235,0.8415439214370347,0.662390074530126,0.46589736002016613,0.03232689315714077,0.14507288846612487,0.583109064188382,-0.06680645619277858,0.4822850679544073,0.913722681313569,0.5118979404375682,0.3588392335298636,-0.4899845570042862,0.09617679947147051,0.25399641069292334,0.9851710843243557,0.8722059063519988,0.8062792568781965,5.0,0.0
TAGS:transmission noise
---
SAMPLE:A
PARAMS:5.0,0.37864282010938377,0.9063835879369687,0.22347381502723696,0.9955032111046103,0.5947530680139801,0.18694340926044598,0.0,0.08294265268603697,-0.3015836572497668,0.6995332358661481,0.2291164269877929,0.4983596822013232,0.4531852679059828,-0.19372385311904194,0.0020173969651225976,0.829079782515336,0.5930416753831305,-0.6183317592103987,0.3820968778073264,-0.3184151996637947,-0.6653602820615914,0.531443731896074,0.8219059553447996,0.625719997884294,0.953839150009775,0.49990156023961996,0.19552122941752315,-0.11999379690180656,0.16566523341881856,0.5411467703688045,0.06130644072077418,10.0,0.0
TAGS:wind thruster
---
SAMPLE:A
PARAMS:0.0,0.019423079667774457,0.10725031141469021,0.8250408457159241,0.2159661268241917,0.04818858957489436,0.02291089761421195,0.0,0.017011112067843573,0.03239638305688647,0.8190133156187034,0.5722799914449302,0.058486890302497985,0.5935579490833752,-0.5538031892380162,0.41144262289639244,0.7989771856165235,0.14457274650178198,-0.6253855206362486,0.26846679326003964,-0.5971950960157579,-0.9264474340183302,0.17015777176133773,-0.05233078155814175,0.784927096953194,0.19325327773528078,0.913810438363895,0.8133436219266938,-0.043453739951617276,0.49126653748689464,0.7567265537289599,0.43077304242064873,0.0,0.0
TAGS:voc death
---
SAMPLE:A
PARAMS:4.0,0.7179972731793594,0.17219124647394213,0.2643537404727385,0.7494853792733345,0.14588890143937927,0.5672267044643733,0.0,-0.0023809073066301477,0.869516863608547,0.4334883314600443,0.6898618349887281,-0.20007140926039013,0.5180482103346724,0.630262500523572,0.015147741499207612,0.6417885588667108,0.1986366825096113,-0.4236384578530319,0.7592985916813714,0.5044637557473319,-0.835966215658337,0.11985722588069547,-0.9628390092888641,0.3069581538916727,0.0943250728644357,-0.4306539961922127,0.8102705581104842,0.19287496489919187,0.5914606543225414,0.3795612049459607,0.8781442212854611,11.0,0.0
TAGS:hit shot
---
SAMPLE:A
PARAMS:1.0,0.29823816662028313,0.136510798785358,0.6555894445175074,0.42685664578433313,0.04367406001179408,0.6863872812241251,0.0,3.325434788503028e-05,-0.033882537794036105,0.5190184666882383,0.747729624073819,-0.6552721653672038,0.3034811576522707,-0.8443650332562174,0.916580979563103,0.5586495135214551,0.5341358849722628,0.25086846253940687,0.0,-0.6011014538514097,0.4546500673555607,0.05903394094768499,-0.7127485757179302,0.6988282095227397,0.1617829124482426,0.8631557845208093,0.7269345568006175,-0.7369501178092095,0.25318676720529254,0.725376669433118,0.9581875807323801,3.0,0.0
TAGS:ui
---
SAMPLE:A
PARAMS:7.0,0.3743162519278386,0.4579752177275901,0.20792571892506795,0.00024616422418832773,0.7990963018375449,0.5096990347581338,0.0,-0.058000409798176764,0.7985162631399136,0.050308554116628046,0.6647387899224085,-0.99379681592301,0.7772593762545245,0.7134350521674717,0.23555668595263268,0.8488794644952641,0.4487260251297096,0.39973375959066804,0.45039714645134543,-0.7430121061254054,0.7384846881362894,0.7741223998500505,0.6836943214195799,0.8526924817931295,0.8352080968149546,-0.1380035874116563,0.2797476986033073,-0.4652978088255719,0.14087035738289122,0.3903288701251565,0.9656982519437746,7.0,0.0
TAGS:wave beam fly
---
SAMPLE:A
PARAMS:3.0,0.8790742602357016,0.10426238802861199,0.31775161724521406,0.4724211734976752,0.13433782515723236,0.5219741996613579,0.0,-1.2522943232406009e-06,0.9829184870078294,0.6102488801599136,0.09221946644132584,-0.44863475374783257,0.5785455782236449,0.4591992988304041,0.18613378780525291,0.11284893896657988,0.7738311254375468,-0.062108594867375855,0.5660471955457248,0.932266724106392,-0.02330516252555581,0.28259749222494235,-0.33153544692704773,0.04483865202344728,0.8823377545833552,0.41796502430368765,0.8378498108326203,-0.3043119616513783,0.8353407149752544,0.17946763327483983,0.30902019635220557,2.0,0.0
TAGS:knock boom sharp
---
SAMPLE:A
PARAMS:3.0,0.06218007419840965,0.879633515989962,0.792079388474126,0.20501498926124528,0.8108200539339065,0.4009994065393973,0.0,-0.009071819188921701,-0.23584276311406993,0.027171227342540405,0.5621479481978423,0.7944290948339434,0.4207446877498371,0.2839946281738075,0.23680949111436045,0.13802311784570787,0.3751710019325635,0.13334317268510598,0.4640706439037451,0.1572405515173969,0.037564515619145755,0.3756529415143247,-0.5428455436571875,0.9028265323018358,0.6859133465546685,0.2299581565210025,0.2889554860075376,-0.7453098979564388,0.704010176925198,0.5903781457397144,0.6938772667973326,5.0,0.0
TAGS:fire shot blast
---
SAMPLE:A
PARAMS:7.0,0.6768304281912148,0.24064220614607335,0.8595576612281189,0.48252534164317906,0.8332781143409148,0.9686791293240934,0.803871704104956,-0.8534888859340788,-0.8491753798508852,0.34409926167411053,0.6589659064752399,-0.833835617781632,0.11380748819161468,-0.9371542446684622,0.6455911080964936,0.2969892942740693,0.24688529100292889,0.9500389280981114,0.12065521468312379,-0.9458841198341554,-0.00013133906869855494,0.23220287899552194,0.9478289519416265,0.8843475374446017,0.8563622809040451,-0.9960852657892831,0.36334281470397534,-0.8443241911121082,0.5386463304268135,0.18353768201796683,0.2619698494312297,2.0,1.830250926801166
TAGS:nul
---
SAMPLE:A
PARAMS:0.0,0.13706785922337172,0.4027424310797373,0.07042781821811839,0.05729499592383869,0.7629563801909061,0.9667490014974539,0.9424872930190716,0.16834971377471186,-0.9355150394929488,0.3281382906237619,0.379810341156707,0.9000138292628677,0.43666334873200086,0.6970624888213661,0.8581897989067641,0.7047749694439368,0.9900764026236395,0.9910294880630264,0.6179214454370563,0.3604003319174993,0.9882752611667349,0.08750816445900778,0.5548690399069827,0.868440941724957,0.1459290292150206,0.4985328629587946,0.2720576564575542,0.10788429711788439,0.3669243409783882,0.6231161698399817,0.3730091044465498,4.0,1.8349266264586785
TAGS:click pluck
---
SAMPLE:A
PARAMS:1.0,0.10075119312525038,0.03363478932891173,0.3413015816519849,0.09328616533767375,0.3399833652381197,0.8274143514283477,0.9623847471763092,0.8898600397387857,-0.15064733546832398,0.9616278021226172,0.8507549357590807,-0.6312324234805973,0.23455830391897203,0.19272464025574076,0.34269523270707913,0.9424230632659073,0.3846166681826133,-0.7172154407619242,0.7966047896961918,0.34571307310025023,-0.7981630322482018,0.7775626004710188,0.7793043702271674,0.5477578261242967,0.4820104791037525,0.8055087474918452,0.7479974499489203,0.9816522519761675,0.008020562533003539,0.7135705687332782,0.30166032438368384,10.0,1.1379184329631924
TAGS:nul
---
SAMPLE:A
PARAMS:0.0,0.16018450936412643,0.5951610595750283,0.8108134505279108,0.6590933168689174,0.9627975900818926,0.03949393818057034,0.7840737747520949,-0.9887071476316178,-0.6713168690350291,0.05136659286842904,0.8815556180399571,-0.6820833251542522,0.9438494505977841,0.3093340955121482,0.039174337077629406,0.6754030188540536,0.971748832146529,-0.9116386489796695,0.9631459114751271,-0.7393224542640926,0.9946495096380752,0.06921155305280247,0.33044963759608637,0.18899014636524958,0.054461903473331685,0.7485415629212309,0.4304000807010495,0.7633559071079143,0.9783785343642663,0.6343977238456702,0.7720459829260731,10.0,0.43158785738175176
TAGS:nul
---
SAMPLE:A
PARAMS:4.0,0.9405557777033805,0.1214402166125691,0.7785293459100465,0.14037667539463528,0.06507968009893395,0.4924004313420266,0.9381531038729547,-0.27324194603300156,0.05088323281565166,0.11371117128914998,0.06551491977793233,-0.6110335231649693,0.3148914490684275,0.4177378043810396,0.9381632599636245,0.7276247330691897,0.9931830565459657,-0.2881902151700102,0.49718599552446496,-0.8872639172599737,-0.841611276863875,0.36172110038248484,-0.8158900708641263,0.7661409664266556,0.29577571518112566,-0.948433240490979,0.8255385532596624,0.13368127795294726,0.12206277419743383,0.041894703885646645,0.9602287566557789,4.0,1.620795098028824
TAGS:nul
---
SAMPLE:A
PARAMS:11.0,0.14880790073939876,0.8595324444214975,0.47506985018962755,0.4419520485385151,0.04766915459352472,0.6961485818213917,0.23754374048001503,0.9019963032136615,-0.5736946090168069,0.9621697386434693,0.9942862751552534,-0.25522880093243994,0.28707890270913783,0.9243604051455809,0.6207752383432183,0.8383830157181801,0.9955829380350976,0.21108023831819156,0.8919899193469593,-0.8392208739412521,0.7691511228762704,0.9200511785095733,0.5503878564739118,0.737552594690656,0.09420508136339001,-0.41073787971181175,0.8826521569539496,0.9214304104831219,0.9040633254960336,0.8325778054839097,0.4940567650398754,3.0,1.5585319175862011
TAGS:click thud
---
SAMPLE:A
PARAMS:3.0,0.8173059033646768,0.15132689527728793,0.6219190087305273,0.13186385138192025,0.8520945155448717,0.7879779383341301,0.716639319517498,-0.7509460979302869,0.9018817645198052,0.6813076327652421,0.14523828702703157,0.871435068327211,0.06595153482296212,-0.7348823612302904,0.8134697954483525,0.20408451687596596,0.41593093472632203,-0.417176700561684,0.9513623069303497,-0.9548553895319005,-0.35194809295176355,0.8308536286641003,0.44484409635906363,0.9922626737072286,0.6224766262482722,0.6973265098033561,0.9964235231806319,-0.520117661029526,0.8324888153027012,0.8371982673472013,0.0817712902465445,11.0,-0.9646125144083558
TAGS:nul
---
SAMPLE:A
PARAMS:5.0,0.2974591335764385,0.9587394919158635,0.08078353863336318,0.06478887365685404,0.09924018724409989,0.8997014913535488,0.9886331405739787,-0.6152606791637969,-0.4413238189437989,0.8324519972783578,0.26490881583198367,-0.5238140528874053,0.09516038030744556,-0.7443174338997081,0.08741178364843583,0.2720637990767658,0.025009933662063943,-0.4737487347140177,0.7529633628907384,-0.35333582755153037,-0.7956093998090716,0.45881544665998375,0.6744456218209443,0.9969576883743727,0.45143718198349636,0.06127674331556676,0.02043510919788638,0.19762452170218947,0.8934953054824959,0.23955352739014868,0.6946629607951679,1.0,1.5258392354187045
TAGS:nul
---
SAMPLE:A
PARAMS:0.0,0.8205036637146186,0.8258110029388395,0.9505857681465187,0.8803328238829643,0.3500897198254149,0.8883048843108126,0.7236296041405537,-0.6757287811464485,-0.6010493304841673,0.7591330813611702,0.41099484693905575,-0.8897970805399782,0.04765019606500842,0.8129156983291372,0.978077426898425,0.6840338532480662,0.5424823044716651,0.8279701724688393,0.8687703109760161,0.8155074385011756,0.12656404722527803,0.9951282601907256,-0.8714331135974684,0.6188676007818967,0.07010760226956725,0.5092786530623357,0.27149151609572675,0.9303449368379231,0.16258510030965034,0.4090831239832492,0.25765242589451454,2.0,1.1010894639083268
TAGS:shot hit laser
---
SAMPLE:A
PARAMS:4.0,0.8166233482894761,0.8716594553668168,0.5273321836857577,0.9978388333325034,0.9193641136407353,0.9320298957960211,0.9768488948062458,0.15484184750808283,-0.5630836658266201,0.10538822589659613,0.13530889874079444,-0.9019377364242329,0.10639352963728121,-0.926853843466326,0.5023839585715085,0.3461003769945098,0.018062826748510674,-0.7749454398196247,0.6339090924098872,-0.7666556313205495,0.9366758786150413,0.9798897488195445,0.4622681830382016,0.8284477161059783,0.1464162239304927,0.5258932710731965,0.5650197667742892,0.5075169953591916,0.8372411017105542,0.48526912230295216,0.6696536518841463,7.0,-0.40321871478680005
TAGS:nul
---
SAMPLE:A
PARAMS:11.0,0.4687923040383768,0.3077184140341104,0.40700540477548586,0.8160330936425201,0.9445382180066495,0.025844852100820548,0.7561819517403285,0.7470018147466977,0.7604414534475448,0.8872022006120694,0.5409669569429209,-0.41734164190993717,0.34806021238268403,-0.7617764921350967,0.6344474038745265,0.19482752931918368,0.8131191955245033,-0.8946724934483348,0.4417625032836324,-0.9830940140213242,0.8500640993987487,0.5389350160379331,-0.4525610530747446,0.017762324212178937,0.1459759268512829,0.7540830363084889,0.27565155723440693,-0.8761360983786626,0.8351808606418235,0.17791076326724886,0.03118910283735854,8.0,1.3013160893375737
TAGS:nul
---
SAMPLE:A
PARAMS:10.0,0.8242207095136763,0.09306940334953995,0.7527792304897339,0.6846737913552334,0.15539253808290332,0.9049038323922051,0.9362025809724429,-0.2585369869089196,0.04587539109174332,0.8560719264540029,0.9131608411613179,0.5592572261637143,0.14696286686868476,0.1733875401940339,0.5486534779106202,0.42958735256268454,0.9140557803968336,0.8346282059470918,0.9984926946233762,0.11988142291156945,0.6379266208496777,0.19871340834795514,-0.772396857500381,0.40116626344705775,0.9107486699649093,0.6028403730527119,0.2857377235182589,0.6258723559647261,0.5942039641459727,0.9166108293064721,0.37728740545347317,11.0,-0.5172410319348377
TAGS:nul
---
SAMPLE:A
PARAMS:5.0,0.9453904824420021,0.22324236344942494,0.8938682822105574,0.3774382574498073,0.5388470119617196,0.5687148106734478,0.0,0.5985198110582589,0.19251423175288362,0.2655812550888138,0.7491297257191786,-0.1787243489436956,0.43664950067306996,-0.9953212522806081,0.5782272133500728,0.2845681207573667,0.7710647955309156,0.47700283681034206,0.0,0.526471466691462,-0.1717843111510482,0.24771547705552355,-0.687829621715276,0.2571211933403498,0.21548573906266355,0.5165199235328604,0.5006193237291146,-0.1549107474549285,0.4190060831528196,0.29952125000327745,0.5978463432743882,0.0,0.0
TAGS:hit boom
---
SAMPLE:A
PARAMS:0.5804020100502513,0.9708039951515096,0.017587939698492462,0.2185929648241206,0.5901579929211911,0.6532663316582915,0.22110552763819097,0.017587939698492462,0.07035175879396993,0.12060301507537696,0.02512562814070352,0.0,0.6733668341708543,0.21105527638190955,-0.1442730979047413,0.27889447236180903,0.8768844221105527,0.3341708542713568,0.8693467336683418,0.7799202476363848,-0.31658291457286436,0.33303346132857325,0.1407035175879397,0.2361809045226131,0.24874371859296482,0.09764106116650617,0.31155778894472363,0.5171205352175302,-0.6130653266331658,0.4321608040201005,0.1507537688442211,0.4623115577889447,0.0,0.7662025553089578
TAGS:spring
---
SAMPLE:A
PARAMS:11.0,0.2500135020185389,0.9729481200523459,0.981405601254992,0.4470783033185072,0.18141695299009264,0.9865536450969676,0.9725610407167844,0.2486549013898991,0.9329972032672733,0.12747124066479687,0.6129339702747951,0.7656214789074862,0.20541698570382017,0.17978471465031953,0.9882149307624293,0.930886693333111,0.8558145807269625,-0.8883901276064607,0.840492371338183,0.6737029515810855,0.013035930221461989,0.8812630501794849,0.9461344543907673,0.347849638532329,0.806001067580445,0.9005492408753206,0.531996044121759,-0.3982731977929319,0.13740715685620797,0.4545464583597256,0.4300290301676194,7.0,-0.8894010464110433
TAGS:amb noise
---
SAMPLE:A
PARAMS:0.0,0.755631085636637,0.5117126664635366,0.9885618309087487,0.11931573594462574,0.7003678019862407,0.7614816024741546,0.11306532663316583,0.1659070445514934,0.6141141918449429,0.7688442211055276,0.10301507537688442,-0.8291457286432161,0.8115577889447236,0.36180904522613067,0.5879396984924623,0.32160804020100503,0.2814070351758794,0.24623115577889454,0.949748743718593,-0.2361809045226131,0.9246231155778895,0.9516705329321646,-0.9545606763764072,0.06344743212928017,0.36695641701705606,-0.47851482011947444,0.6513157773678697,-0.8032804623940066,0.501194339036266,0.36454812009998727,0.9800901484376437,7.545226130653266,0.7035175879396984
TAGS:glass
---
SAMPLE:A
PARAMS:7.0,0.23145691526992052,0.9700163305086873,0.2527519955312135,0.744525512811446,0.9559092011097293,0.812588332913016,0.9853444089124612,-0.6980601024531647,-0.8005086350856525,0.027997525072473883,0.2699774820597989,-0.7596978665870184,0.9797918728978054,0.7878933827455725,0.5669305612905788,0.9523378611741039,0.34929035542513565,0.28462019954464157,0.277930200458402,0.9918458368361314,0.1376281740365577,0.23751754759606247,-0.5897219704791186,0.219565057244288,0.3775789024833408,-0.8785356224653604,0.9603360560639391,-0.7997719138553459,0.7405995191944441,0.027735265066082815,0.9522560571560748,0.0,-0.38385100725901444
TAGS:nul
---
SAMPLE:A
PARAMS:8.0,0.05990738419647934,0.8680847578513798,0.7795303071878249,0.0903319301817217,0.8989053421653532,0.7772986324903731,0.8690961665159981,0.8837721956669256,0.058077047723516184,0.18592511904706222,0.5361033823789622,0.24726841146003986,0.030883502981649102,-0.5852234356740376,0.841440075610734,0.2402707029489265,0.9728795750212852,0.5279665087766021,0.7490715421912917,-0.6491127015786589,-0.5387003622958935,0.07511236367321006,0.49959754823135105,0.07518772581268285,0.7933463989391042,0.6261836690534615,0.3636397129357385,0.8664270325659089,0.5799694102262957,0.049035502977110346,0.9848258454003503,9.0,-0.7320931989917846
TAGS:nul
---
SAMPLE:A
PARAMS:11.0,0.5769728447047979,0.16149324110487084,0.07095220414118009,0.11288557463960347,0.22158670184998785,0.25270674322721765,0.9640809675021456,-0.9053584255118143,-0.27934079021348457,0.9526839731574296,0.17675606894830043,-0.4934654945740189,0.6969082177774281,0.7491713435800118,0.31464785157542796,0.8295209145062462,0.11724296901063358,0.23419439976456324,0.2561260699341503,0.9782652289431675,-0.8339821299691514,0.98879041762538,0.7457705269354142,0.8881655239942923,0.5671764096414027,-0.19426169579928443,0.7287605533267885,-0.9239625089481536,0.29449432155106836,0.8545855192522331,0.9960395986016394,7.0,1.3666509635699202
TAGS:nul
---
SAMPLE:A
PARAMS:10.0,0.9919996855808147,0.003294726856162722,0.21530862519909977,0.6667704705695697,0.8598978454979869,0.24661838632183086,0.9232050327397597,-0.5994215486450767,0.34561094188525354,0.2942261561844216,0.6936225708988492,-0.9835900023469997,0.9987624795750344,-0.7954506327597322,0.856229367913996,0.7039768811138412,0.8841419362893875,-0.08539230825189148,0.8049577531869415,-0.8695478627774929,-0.23500985809205321,0.8795266370096076,0.5390050487032934,0.1275169098021821,0.5723437665909231,-0.5301222475440446,0.8057224010754831,0.2094588931467969,0.9866276325186546,0.5521000177969098,0.5779314978796861,1.0,-0.7898118665350721
TAGS:nul
---
SAMPLE:A
PARAMS:3.0,0.87587233446788,0.031057905319852752,0.22396176036921356,0.9363098991654099,0.45262696898970856,0.7914307460930499,0.9600059476030117,-0.06216657589825947,0.976245034370846,0.6258197956603236,0.04129252672321715,0.9876561005821647,0.4065864532108737,-0.7152637670550954,0.38708625132409236,0.3051204859541795,0.6144724351028765,-0.9551316644726482,0.8681769912994743,0.47487404803807665,-0.5015766707679346,0.11318141266720072,-0.7369108773831734,0.7956976881711658,0.06085210284061371,0.7820030043583217,0.04135112946488595,0.6329545581862859,0.29655182941884695,0.8357774548253049,0.1735379394716109,2.0,0.6946686782745108
TAGS:nul
---
SAMPLE:A
PARAMS:1.0,0.8961671283446958,0.05779788090149052,0.8855156641428178,0.24177891776607952,0.10359861288508787,0.02550912975530506,0.8689332043086172,0.15851391474948273,0.4111401752071213,0.07685516051020846,0.5840523062730576,-0.7693724947518921,0.8763004971444034,-0.8355606360897874,0.8620098972886024,0.5647224614875146,0.9776644512786581,0.787583977996823,0.45072403520119275,0.5496127919175593,0.779987557287084,0.0783602532634694,0.29423087681232385,0.3682595022247491,0.7455255348573686,-0.20833099889211182,0.6022891414828898,-0.8403870371609512,0.910759177369048,0.8605221405153366,0.4364424482993662,11.0,1.9114132011620648
TAGS:nul
---
SAMPLE:A
PARAMS:4.0,0.10850003468712144,0.34229565728034406,0.04214374837234747,0.16028971044090157,0.9249324386371889,0.8915557491199914,0.9597200280682169,-0.25712643550795455,0.9433891022029259,0.12629205131401666,0.9776934607754472,-0.0913288981821625,0.2784496537247665,0.193620820986673,0.6100029728600556,0.7651971792901245,0.314358405259645,0.8352840291836072,0.99948190894946,0.19553160822315463,-0.2902017205701275,0.9018941600009525,0.9394818313827531,0.16663158539964973,0.4633114089523189,0.8325286629035829,0.11183486407838317,-0.36191682969614325,0.9638846068909732,0.9225446131418908,0.031030452471111025,0.0,-0.8678150462058228
TAGS:nul
---
SAMPLE:A
PARAMS:3.0,0.7138170821455682,0.5034584759678828,0.8226120565453777,0.13218843647165535,0.5453661869392101,0.8299295491114089,0.9523985661413639,0.7929958990227495,0.9202861919892582,0.9350337956128422,0.8015468894030604,-0.8842831861786449,0.855043434195039,-0.9154617856729961,0.4509010015974618,0.8612231089524545,0.7597446732145932,0.7376784952335786,0.7728805687851075,-0.16845434428644235,0.7910162523531958,0.7107890905577539,-0.9020439950355958,0.8365445993239411,0.11468247793110675,-0.850085047491346,0.30859952188244955,0.8536816685892323,0.9485150166677158,0.2647766671736447,0.18993593555088273,8.0,1.3166405925241698
TAGS:nul
---
SAMPLE:A
PARAMS:9.0,0.09097493562627357,0.8782810895872691,0.062257485908079335,0.5208016682656104,0.5454557939529722,0.6457410895109379,0.0454226945185503,0.5026799484572708,-0.592027408061994,0.2499698525762264,0.6620241897572384,-0.6125248691050347,0.049371466430767064,0.9387353250604071,0.9304844527620127,0.9097805557799288,0.8412691869594632,-0.32700528792026606,0.7959912388605447,-0.5341228272260017,0.9597226413491557,0.23680206868037357,-0.9372614136911575,0.3163402122458976,0.9871871717257178,0.9480154745659526,0.15868238147761626,0.8403132347090834,0.9302373149857897,0.7695891689688618,0.01564368579708697,1.0,-0.3225491778877374
TAGS:splash hit
---
SAMPLE:A
PARAMS:6.0,0.11493293217466105,0.9638906698920028,0.6463961706761777,0.0453243908845693,0.1485884508150197,0.5806145645625265,0.9198520163370333,-0.28039773948041136,-0.02470428876690889,0.4005984886209021,0.10909309006183388,0.7289223645223732,0.08552946327954225,0.9791931270550323,0.4367272323152209,0.7108019226926497,0.06370234266376507,-0.33364061863386674,0.36312843979621556,-0.64584038519566,0.6992903649328956,0.20488414921061704,-0.9453354377391099,0.6761684418802121,0.6294204666743617,-0.9494414953652086,0.8041944314676799,0.8742298985346215,0.8965287449466134,0.7866740419027073,0.4431262195265254,11.0,1.3475804255795705
TAGS:nul
---
SAMPLE:A
PARAMS:1.0,0.26379665490951976,0.6290404828176619,0.23960554370624987,0.772432839608242,0.24804899905677602,0.16146155754630787,0.9002243714530251,-0.11798634531359098,0.5581159605828538,0.04235811657736421,0.5809504239880284,-0.8726749057979404,0.6743960165880286,0.7939987709435639,0.7534092143570136,0.8004759753626224,0.8444694508631213,-0.8392708235516706,0.2867322478257378,0.8026626023795154,0.5515862051540525,0.8585645433353264,0.4461376915830686,0.6755696829531107,0.7350071704349829,0.38263398086742884,0.16962565643251504,-0.8608514610251512,0.867973586615858,0.0753697275477675,0.053797728991826665,1.0,1.7107611857186313
TAGS:nul
---
SAMPLE:A
PARAMS:7.0,0.22908943759855838,0.11372127850258817,0.8716046857150954,0.25673486817833835,0.1485533805373851,0.7634879859561423,0.9705000454054348,0.4804881475659235,0.07003289967321136,0.4346463940431712,0.23713697803429934,0.8765066202617826,0.9328703729180627,-0.9039301358905905,0.3373742452911246,0.4772684987568644,0.9373968500550262,0.596391263996479,0.371798401781792,0.8568201856449478,-0.8342307303627161,0.8323192552910352,0.9406656087602943,0.7144996382478922,0.11444302960250297,-0.893007892240048,0.7249781074912603,0.04819493309978662,0.759942420934372,0.3439937351157527,0.7418204274065604,3.0,-0.9807992392757878
TAGS:nul
---
SAMPLE:A
PARAMS:4.0,0.48436353363801865,0.09115445601336591,0.9716360473146063,0.8390714793885227,0.5511203331019996,0.346853738875039,0.8288109911293847,-0.5070380818515534,0.9504926276315766,0.19651007590847003,0.6810182644321384,-0.5395822956285599,0.8513771698650491,0.9678280323580397,0.9601700397174143,0.9324261409021831,0.26140803819075575,-0.8819426905818735,0.46200629954029093,-0.3689821199661163,-0.7644674304481858,0.9376025375014558,0.40644949535831065,0.9431096104420327,0.766237731798755,-0.9327786070744379,0.0558014235459795,0.8413794531349112,0.5313913426665067,0.484047734621599,0.9177409369449215,10.0,1.483912388530722
TAGS:nul
---
SAMPLE:A
PARAMS:8.0,0.5560312720236779,0.020839286588031913,0.7441239413990801,0.9085674630064821,0.9050858552458563,0.013133827400586773,0.8369561043108763,-0.8743368433863898,-0.38419633535016184,0.42403368331096203,0.9869158816115235,-0.5988806024111593,0.4678462498356424,0.7207703504559075,0.07053523667930817,0.9974320362816305,0.11245297784698316,-0.462344808296677,0.7345373555859991,-0.1735224805758322,-0.16915760076465092,0.9767425866578733,-0.6864672782553574,0.35009190764172304,0.9693282014144236,0.40779447233329447,0.7970325461330735,0.2684133453270816,0.9948514440265017,0.9747010897245503,0.46674937899695623,11.0,-0.9048600148892038
TAGS:nul
---
SAMPLE:A
PARAMS:9.0,0.10164699394832855,0.5555964571088882,0.5162383969203247,0.6845794286688516,0.7239588244421561,0.9102534902221797,0.9527438504016923,-0.7869627211240875,0.4806722909891943,0.7687593830735352,0.9558909827483509,0.5231643701383377,0.2159961828787026,-0.2754667174154519,0.03473639857192179,0.013198304236125447,0.12592725843882835,-0.26784000085921056,0.43397316425364985,-0.09249332481626293,-0.6732319358947687,0.8954611181553505,0.8686994480057173,0.33193832058168216,0.21947769716310894,0.5757063139787713,0.9916730220911908,0.23878135535307066,0.6696382692329506,0.6885517053040884,0.9916278575989809,7.0,1.8692771323016681
TAGS:nul
---
SAMPLE:A
PARAMS:0.0,0.15071886111706267,0.1555652483064076,0.7025214154530145,0.7703675399961502,0.9846988149346124,0.15223514875855038,0.8757467510370511,0.9957601025745051,-0.7921896850752757,0.12944004413166732,0.37689598058252816,-0.8251979161088212,0.22263594907883788,0.6470191523484254,0.5519920538298292,0.9205185069638152,0.07593765268361607,-0.004498056519575577,0.25933415638284696,-0.926679506943398,-0.9113957390372729,0.21244237106118347,-0.4541758126729234,0.062294877126254145,0.9241013036056818,-0.267143184671748,0.9019148362089212,-0.2273092871652771,0.007296523480950223,0.7185079757395201,0.7968508630144077,9.0,0.7436687167697134
TAGS:nul
---
SAMPLE:A
PARAMS:2.0,0.13422871369677392,0.028689391784569085,0.5428998174349686,0.9924793049618543,0.18580209705721562,0.1495840953317239,0.8486033210551778,-0.9330717369225456,0.3173099694361954,0.6753485196990613,0.0872583353280646,0.9317797333371218,0.5179577015432065,0.7752405988741362,0.48122041342816235,0.9531540783807861,0.06378993550934087,0.21025322099616317,0.03351927074503935,0.7967016788895134,-0.6104184705434137,0.29264147959291864,0.8276208763936652,0.402002699552912,0.6998619518419893,-0.5082147134925996,0.9699523478803095,0.4104224265810863,0.3230186988127832,0.25639074167541165,0.4397056080584405,3.0,-0.9938502533108643
TAGS:nul
---
SAMPLE:A
PARAMS:5.0,0.36211294832173657,0.4528160848183004,0.14812698398796587,0.10999686695988076,0.11544396466675988,0.9354811269982705,0.9568008406040621,-0.7101470679499222,-0.09814102756245013,0.27770919141148476,0.8644633837273377,0.7295055391595147,0.9432153298336416,0.1449276291175543,0.8396157093912151,0.033629610632057494,0.8665463759737597,-0.9834758260395098,0.8574642685246338,-0.7998699270066474,-0.08213053965698114,0.8603739098304364,-0.25798402183431124,0.14665309792229952,0.3969026267213799,-0.014573542256744787,0.14830726353202062,-0.2028935872045703,0.3111307813306413,0.023804466879588038,0.9548600677754163,10.0,1.2417495402825378
TAGS:nul
---
SAMPLE:A
PARAMS:2.0,0.26498254794686527,0.8116942640476144,0.11731808040774472,0.7871119296275957,0.17645611579677456,0.8095822480893727,0.4091302565158619,-0.9341682231114397,-0.8029766198412072,0.15509505195349937,0.49869622065310704,-0.9992100961832326,0.6124603958455958,-0.6787717300994272,0.43985999253757313,0.5784654637851792,0.34340458445959,-0.9905761493460075,0.6571348150889182,0.5667398039180795,-0.08845241075894505,0.915894400784346,-0.960566120185657,0.07186862701183128,0.99977588978864,-0.749146158120801,0.9119164934352825,-0.7996800117559522,0.736029055538592,0.7205816356124459,0.00965196855530348,2.0,0.9420390154741978
TAGS:click
---
SAMPLE:A
PARAMS:8.0,0.06350184765778233,0.546307012825351,0.9951182617112495,0.1487233637947355,0.5001940301146528,0.025019379191409397,0.9846761961978543,0.7233393940682016,-0.059241315160007746,0.9998943326593704,0.3355151906963909,-0.4933280299718914,0.9534305535865272,0.03622560870189795,0.49659879236223803,0.9145196580887622,0.6950632350199829,0.9367313839034768,0.6774568629323727,-0.41381453612173047,-0.733462215309421,0.3770529631752524,0.6296822427845732,0.09476542791954023,0.8899938038049529,0.9942392861000833,0.23865640058900794,-0.975943148396256,0.8388790173210715,0.5053215500640601,0.32195885436561933,5.0,1.736876543884859
TAGS:nul
---
SAMPLE:A
PARAMS:4.0,0.7740040992138557,0.5029472585563107,0.8764240477717137,0.3358267546398346,0.014844828251176834,0.26235329406782737,0.9472361809045227,-0.3362996082106533,0.38787637979937983,0.4592853747886756,0.12771525869517053,0.27436506975040453,0.8952581847490302,-0.4114129409267304,0.041277338965912014,0.27564406159057364,0.2082374402349484,0.7511187755313251,0.3573927640228466,0.44235356982481244,-0.9977979242025576,0.1388079280622051,-0.11284200305749392,0.9414719375670751,0.46956605880048374,0.6568871151046278,0.6108064516658515,0.9497892280584712,0.9223295473325195,0.010509834610202051,0.04175685679418539,7.0,1.6065521291199665
TAGS:nul
---
